$ANSIBLE_VAULT;1.1;AES256
62333633366163646435343431663231613965303834653333623835643938383761663463396462
6235613562336237386363663638613633656165646631380a623831663964346633663332363734
38313137373762303664386562353032356537343265383839626531373066306366616661393761
3564343638613731660a323830386539323861656462633561636362626130376337623538656330
65653033326536663665383336363736663434366431653537633136303037376562613632666561
61363335666139356336316661623230643838353365346231653833373631386231356165643937
31313438303264616563386332653762373231373833363332373335653164613634373262343933
33363063626136376230633637313230343164366435663061306466373161393063626334623736
66353937356262383931343138613465646434373632636632353536356164643033353761323863
34663663643234373830616365373835613563626462666137656233363164626332353264383836
66336665386232666631336464376461323333323463653665373064353838393338343332636462
33653563343831343233663962643863383864376565306336373132653965303135663963366463
37326435646239323435623764643464346336303962646238393161636530626363353461346136
65666138326230373363333736306334653837323162326362626336303434323566663436633230
34643662393637366165333966393038346233653330306538643938363231326337633032303831
61323634376434383166613939663261656333616665373330343130333132643461623338623764
65313833366435656139363263646235316236313532386165383966613437656633313434366632
65323463636431303533656438323963656334643237343036306134616337336133323939353430
376436666466393733663931663236383164
